2834,71
7372,49
3674,36
7389,32
3841,30
1311,18
3845,13
7373,11
5812,11
7371,10
2836,9
8731,9
7374,9
4899,9
4412,9
5600,7
7379,7
4813,7
3663,6
3661,6
7359,6
8742,5
2860,5
3577,5
4213,5
1389,5
3842,5
7370,5
3825,5
3572,4
3714,4
8200,4
7375,4
8090,4
7011,4
5940,4
2835,3
4941,3
4911,3
4400,3
3576,3
6324,3
7319,3
2869,3
2000,3
3571,3
8711,3
2911,3
7311,3
4812,3
5411,3
5961,2
3081,2
7812,2
4931,2
7350,2
5944,2
4731,2
3743,2
7997,2
7380,2
1381,2
3990,2
3559,2
5331,2
3100,2
8221,2
2800,2
3629,2
5731,2
5051,2
2621,2
3312,2
8099,2
4512,2
2300,2
5661,2
3826,2
3669,2
8071,2
5810,2
541990,2
1400,2
1221,2
100,2
2844,2
2741,1
1731,1
7361,1
6331,1
7941,1
2750,1
3281,1
3583,1
2221,1
3670,1
5641,1
5141,1
3452,1
5150,1
2080,1
3621,1
5160,1
2090,1
3646,1
3651,1
3140,1
2821,1
5712,1
3672,1
7334,1
4700,1
3171,1
3690,1
2673,1
3555,1
8322,1
3720,1
3721,1
7310,1
7312,1
7830,1
2711,1
"7389, 5063",1
3711,1
3851,1
4822,1
7384,1
5033,1
1446,1
3999,1
"6794, 3861, 3663, 7819",1
5531,1
5010,1
4492,1
8060,1
8351,1
8062,1
5500,1
5499,1
8051,1
3442,1
3440,1
4011,1
5047,1
"3663, 3861, 6794",1
5084,1
3568,1
3562,1
3561,1
4581,1
3728,1
2015,1
5080,1
3511,1
5074,1
2590,1
2510,1
3021,1
3531,1
5065,1
7993,1
1382,1
"3651, 6794, 7819",1
8082,1
5900,1
3578,1
3315,1
3334,1
2810,1
7929,1
5149,1
5400,1
3823,1
3822,1
2790,1
3812,1
4833,1
4832,1
3341,1
5412,1
4955,1
5960,1
7514,1
4953,1
3411,1
6153,1
8011,1
2890,1
3911,1
2854,1
8000,1
3390,1
2875,1
4922,1
5945,1
2870,1
5632,1
